     Band 1  0.036400  0.046800  0.042900  0.003108      1    0.002902						
     Band 2  0.077300  0.089800  0.081050  0.004432      2    0.000643						
     Band 3  0.019000  0.034000  0.027125  0.004581      3    0.000043						
     Band 4  0.235700  0.328100  0.284700  0.028120      4    0.000005						
     Band 5  0.415200  0.484900  0.456200  0.024404      5    0.000003						
     Band 6  0.322300  0.475300  0.421862  0.046482      6    0.000000						
     Band 1  0.026000  0.052000  0.041215  0.006274      1    0.003102						
     Band 2  0.047300  0.102300  0.077485  0.010718      2    0.000822						
     Band 3  0.006500  0.044000  0.026130  0.008427      3    0.000557						
     Band 4  0.210500  0.328100  0.275626  0.027823      4    0.000087						
     Band 5  0.353700  0.484900  0.430233  0.036987      5    0.000028						
     Band 6  0.313300  0.475300  0.406633  0.047437      6    0.000022						
     Band 1  0.010400  0.065000  0.038381  0.012460      1    0.008609						
     Band 2  0.029800  0.112300  0.076526  0.019447      2    0.000916						
     Band 3  0.004000  0.071500  0.029952  0.013457      3    0.000565						
     Band 4  0.190900  0.386900  0.288900  0.040914      4    0.000343						
     Band 5  0.320900  0.595600  0.460495  0.072290      5    0.000069						
     Band 6  0.313300  0.533800  0.426121  0.054031      6    0.000031						
     Band 1  0.010400  0.065000  0.036957  0.012783      1    0.008088						
     Band 2  0.029800  0.114800  0.080693  0.019705      2    0.001315						
     Band 3  0.004000  0.071500  0.028062  0.013078      3    0.000763						
     Band 4  0.190900  0.386900  0.283900  0.040827      4    0.000319						
     Band 5  0.320900  0.595600  0.474284  0.068810      5    0.000077						
     Band 6  0.313300  0.551800  0.440907  0.058913      6    0.000033						
     Band 1  0.010400  0.065000  0.038190  0.012970      1    0.008889						
     Band 2  0.029800  0.114800  0.081152  0.019103      2    0.001234						
     Band 3  0.004000  0.071500  0.028713  0.013015      3    0.000795						
     Band 4  0.190900  0.386900  0.287890  0.042183      4    0.000306						
     Band 5  0.320900  0.603800  0.483018  0.072392      5    0.000077						
     Band 6  0.313300  0.551800  0.446825  0.060188      6    0.000044						
     Band 1  0.010400  0.065000  0.037968  0.012895      1    0.009434						
     Band 2  0.029800  0.114800  0.081030  0.018890      2    0.001200						
     Band 3  0.004000  0.071500  0.028563  0.012901      3    0.000790						
     Band 4  0.190900  0.386900  0.290056  0.043318      4    0.000327						
     Band 5  0.320900  0.603800  0.486787  0.074243      5    0.000079						
     Band 6  0.313300  0.565300  0.449800  0.061643      6    0.000048						
						
     Band 1  0.007800  0.062400  0.031469  0.012456      1    0.002714						
     Band 2  0.054800  0.104800  0.082472  0.014188      2    0.001203						
     Band 3  0.001500  0.066500  0.023741  0.016748      3    0.000907						
     Band 4  0.252500  0.412100  0.317093  0.043299      4    0.000157						
     Band 5  0.402900  0.554600  0.505400  0.033488      5    0.000088						
     Band 6  0.389800  0.560800  0.475300  0.038222      6    0.000026						
     Band 1   0.007800  0.065000  0.037700  0.014337      1    0.005738						
     Band 2   0.054800  0.117300  0.086513  0.015271      2    0.001917						
     Band 3  -0.003500  0.066500  0.028352  0.017116      3    0.000769						
     Band 4   0.238500  0.454100  0.324159  0.051760      4    0.000179						
     Band 5   0.402900  0.632500  0.536833  0.050018      5    0.000092						
     Band 6   0.371800  0.623800  0.484217  0.053047      6    0.000033						
     Band 1   0.007800  0.065000  0.036183  0.015580      1    0.013753						
     Band 2   0.039800  0.139800  0.085871  0.019659      2    0.001742						
     Band 3  -0.003500  0.071500  0.028315  0.017318      3    0.000580						
     Band 4   0.213300  0.512900  0.340167  0.064241      4    0.000382						
     Band 5   0.402900  0.739100  0.569145  0.077645      5    0.000112						
     Band 6   0.353800  0.682300  0.503371  0.074382      6    0.000049						
						
						
     Band 1  0.041600  0.046800  0.045067  0.003002      1    0.002409						
     Band 2  0.077300  0.102300  0.088133  0.012829      2    0.000277						
     Band 3  0.021500  0.041500  0.029833  0.010408      3    0.000000						
     Band 4  0.300100  0.333700  0.314100  0.017486      4    0.000000						
     Band 5  0.464400  0.525900  0.493100  0.030954      5   -0.000000						
     Band 6  0.484300  0.542800  0.503800  0.033775      6   -0.000000						
     Band 1  0.013000  0.046800  0.037267  0.010561      1    0.004054						
     Band 2  0.039800  0.102300  0.070356  0.019275      2    0.001012						
     Band 3  0.016500  0.044000  0.030111  0.009446      3    0.000462						
     Band 4  0.218900  0.333700  0.289522  0.041878      4    0.000288						
     Band 5  0.423400  0.525900  0.474422  0.034615      5    0.000028						
     Band 6  0.371800  0.542800  0.471800  0.048193      6    0.000003						
     Band 1  0.028600  0.044200  0.040040  0.006780      1    0.002236						
     Band 2  0.059800  0.099800  0.085800  0.015871      2    0.000848						
     Band 3  0.031500  0.076500  0.052000  0.018742      3    0.000091						
     Band 4  0.280500  0.342100  0.312420  0.025632      4    0.000038						
     Band 5  0.419300  0.493100  0.452920  0.030184      5    0.000000						
     Band 6  0.398800  0.479800  0.429400  0.031564      6   -0.000000						
						
						
     Band 1  0.020800  0.062400  0.037074  0.010066      1    0.007066						
     Band 2  0.039800  0.132300  0.081328  0.019807      2    0.001155						
     Band 3  0.006500  0.076500  0.031361  0.014402      3    0.000574						
     Band 4  0.272100  0.417700  0.342774  0.039784      4    0.000310						
     Band 5  0.407000  0.648900  0.540250  0.062433      5    0.000082						
     Band 6  0.398800  0.601300  0.494967  0.055011      6    0.000020						
     Band 1  0.002600  0.062400  0.033567  0.012302      1    0.020303						
     Band 2  0.022300  0.132300  0.075845  0.022213      2    0.001144						
     Band 3  0.001500  0.076500  0.028291  0.014757      3    0.000579						
     Band 4  0.176900  0.417700  0.326010  0.055268      4    0.000277						
     Band 5  0.259400  0.648900  0.502157  0.102016      5    0.000090						
     Band 6  0.223300  0.601300  0.462539  0.089934      6    0.000021						
     Band 1  0.002600  0.062400  0.033245  0.011917      1    0.019231						
     Band 2  0.022300  0.132300  0.075333  0.021294      2    0.001079						
     Band 3  0.001500  0.076500  0.027567  0.014362      3    0.000564						
     Band 4  0.176900  0.417700  0.321828  0.053965      4    0.000258						
     Band 5  0.259400  0.648900  0.495177  0.098875      5    0.000087						
     Band 6  0.223300  0.601300  0.455440  0.088055      6    0.000025						
						
						
						
     Band 1  0.018200  0.044200  0.033475  0.010064      1    0.003824						
     Band 2  0.062300  0.122300  0.086362  0.022675      2    0.000917						
     Band 3  0.026500  0.096500  0.058062  0.024493      3    0.000325						
     Band 4  0.246900  0.330900  0.284700  0.029858      4    0.000085						
     Band 5  0.378300  0.509500  0.432625  0.042368      5    0.000006						
     Band 6  0.313300  0.430300  0.375737  0.035469      6    0.000002						
     Band 1  0.018200  0.057200  0.035905  0.008468      1    0.018090						
     Band 2  0.054800  0.124800  0.084840  0.016988      2    0.001061						
     Band 3  0.009000  0.106500  0.041381  0.022954      3    0.000545						
     Band 4  0.213300  0.431700  0.305300  0.055462      4    0.000447						
     Band 5  0.300400  0.648900  0.472535  0.093860      5    0.000226						
     Band 6  0.263800  0.578800  0.412729  0.087332      6    0.000032						
     Band 1  0.002600  0.057200  0.031482  0.011456      1    0.027774						
     Band 2  0.024800  0.124800  0.075192  0.023821      2    0.000983						
     Band 3  0.006500  0.106500  0.040325  0.021939      3    0.000586						
     Band 4  0.132100  0.431700  0.281849  0.067365      4    0.000456						
     Band 5  0.197900  0.648900  0.429180  0.116433      5    0.000272						
     Band 6  0.146800  0.578800  0.376192  0.104066      6    0.000032						
						
						
     Band 1  0.018200  0.052000  0.032987  0.009337      1    0.001963						
     Band 2  0.084800  0.117300  0.095425  0.008921      2    0.000543						
     Band 3  0.004000  0.051500  0.034156  0.011919      3    0.000294						
     Band 4  0.227300  0.347700  0.291700  0.036148      4    0.000100						
     Band 5  0.480800  0.571000  0.540762  0.023187      5    0.000024						
     Band 6  0.407800  0.488800  0.448300  0.027885      6    0.000008						
     Band 1  0.039000  0.054600  0.047840  0.007261      1    0.004724						
     Band 2  0.057300  0.134800  0.096300  0.030342      2    0.001880						
     Band 3  0.024000  0.059000  0.045000  0.014427      3    0.000697						
     Band 4  0.216100  0.353300  0.270980  0.050733      4    0.000178						
     Band 5  0.538200  0.644800  0.584940  0.045249      5    0.000000						
     Band 6  0.434800  0.533800  0.477100  0.040948      6    0.000000						
     Band 1  0.018200  0.062400  0.037841  0.008380      1    0.013629						
     Band 2  0.052300  0.134800  0.081759  0.017900      2    0.001871						
     Band 3  0.001500  0.084000  0.031264  0.015774      3    0.000410						
     Band 4  0.202100  0.409300  0.302749  0.046146      4    0.000264						
     Band 5  0.316800  0.648900  0.508614  0.088085      5    0.000177						
     Band 6  0.268300  0.583300  0.452131  0.076501      6    0.000029						
						
						
						
     Band 1  0.013000  0.062400  0.036414  0.010742      1    0.030362						
     Band 2  0.037300  0.134800  0.079132  0.018752      2    0.001952						
     Band 3  0.001500  0.089000  0.035631  0.015398      3    0.000575						
     Band 4  0.129300  0.409300  0.277940  0.068433      4    0.000263						
     Band 5  0.193800  0.648900  0.420835  0.123730      5    0.000180						
     Band 6  0.155800  0.583300  0.382653  0.112603      6    0.000044						
     Band 1  0.013000  0.070200  0.036445  0.010299      1    0.020731						
     Band 2  0.029800  0.134800  0.076881  0.018598      2    0.002139						
     Band 3  0.001500  0.129000  0.037061  0.019625      3    0.000689						
     Band 4  0.129300  0.442900  0.296440  0.062258      4    0.000387						
     Band 5  0.193800  0.648900  0.457656  0.103364      5    0.000217						
     Band 6  0.155800  0.583300  0.411624  0.093936      6    0.000058						
     Band 1   0.005200  0.070200  0.033052  0.011413      1    0.018992						
     Band 2   0.019800  0.134800  0.071210  0.020301      2    0.001853						
     Band 3  -0.008500  0.129000  0.034513  0.020511      3    0.000728						
     Band 4   0.129300  0.442900  0.284198  0.062184      4    0.000421						
     Band 5   0.193800  0.648900  0.450403  0.097863      5    0.000259						
     Band 6   0.155800  0.583300  0.403030  0.088937      6    0.000063						
